
3003336600030399009993660339333993399339000963090900603630906009090333
9633900033330906060669060939096690693069003606939093969360303300330339
0330039060960063936639396360339096090309009069366906900396600096099606
0069369963093093693930903660009609966606063996333660336306636369900609
9906600093396363333939396099339093600069906000039366009696396069096039
6066900066363909960663663660900309363669396093393090033363066939006066
9003603633600633333669600006990933900633936999030606009309333960096630
6909633906939909306609306003066006369066036936339096336693009360396609
6036066063639390066060990060999093060666963330399360669003996933660090
0900960336339660330333663690660669930360039669699630903336093000639003
6696396369006693906309900306336300009336333390663393903339303693606606
0039996063390930696063690033966366669303939096903060963033933900906066
9990630669039990900636069300333639900903693960690660333690093069390006
0996339339066390003006393903363666606030390690699606339306369306333006
9006603939663396009063333636903063300693639399000063330033300669333633
3000639399009330666633060993330000603000999003330099303309336390300933
9933666006333363333369006306690003066603633009630906090309936006960939
9333063306933993330606990009339090930633606063093006066063339009306693
6396669630000600333699390069633000060669390636330006390333633660699390
3900606600390039999333306906006003333000300609936930609393300936336036
6399063693036090069963303993033063309066900633339930090096033666066096
9390300699000663669060606009090030600660069930339336060699030066600993
9606903696903393036600603399303936606006006636336600996336609003306393
3990090063330390993333363633360933930933030060066063900033390033063363
6309699300300006693090000090690099393360690000606633390606333660006630
0303336930093339333006006330990606603300003336003933336633336903333336
6069906633030066063393633309330390636099090003069300069309363669069096
0600603963093300009099969390900633390690933330090606960600003936336699
6903033933039036306633000939360300939063639093006306903063060093930906
3000669039033933090360060330669903930039366066060060093600639009693606
6903390339309000669390600030633333909333999609900630066900633636336000
3366336606036360009003636396600666333006003330003090933990606900606333
0060966066393330060939906069333663330033663636060093639300900033690060
3330333000006690006060690639090309300300660663690333900333699006330003
6606333930006093969390933366630060393633360606003330993636336333906699
0390930699090333369999333363330030900900363666363339390099939363360600
3393636633600609006333390660630003933993003633933990390360633690600633
6909930066006603939936000603003396669003060069096333093336393936333360
3906069990069399033030630660339333933039900939390933366966069399339333
6600390000660630639390606303633606933660039336360606330309390000633900
6306333663006303336039003306363360690906990303936006339096603936336033
3063600969906060060669363069060930333339000693399360309063300390039399
3906669300630003630636066360306690393039039003000630636090660636000333
0066900939303060300600900090399909936306366306336336336606300606336336
3363600063699309339093303063603066039063363063003993366033399000663300
0660699390090690690900933990633633636933633633630066003630630630360933
9333906006609339336396693606366393309363933903903009333933006006366009
3399093300363630663390039399360060093639030063360633036000036066003000
3333900390639330603039300333330693639300606633633690333336603333993393
6066006003306936993306000399003339306636636606006936636990033303366903
9033933069930693360063309063063003930369039033066399390033360666066036
0060600003369663939330900690333939060900930600609669993330600339333660
6336393009339009003363606900306333300003309369396336009039006939930030
0309369066030000066069063999030393009000336360006060363039060096939333
0609039003690609000630333330909030639333900600093369000006633306336360
6333369336006339333363096906363009903336366336003369930003033906333603
3399009360063393636333393363063033633330933369006060063363360039339339
0906633633390336009909393633339006003900030300639300330669330900930993
6300906993909006003606393006393093900090033363336306909930303036066606
3060060093363666060000339069060660030399039033333669066066939039063330
6903696333690006363333606993393639330030303399390039996660936660003330
6600393906036366366933363936069003333360603333606990000393009039930903
0030909033063633693363330090066339060009006633000696363330690069393069
3633633393969333003306990609060606633390333699303600093390303936960333
0303366603003333039336366606066006300306606903630000390000393993603333
9339060369609390030933939390033963090333063339090060039330699390066903
0603393930669003330006633633690690966030306363090909333606993690393600
0906000900939906306906003936960303306600309003900900900903333939906336
3393000030063339930909390069066009903033363006609903009066393309039393
3903660303633000900336363660630333360603030039390360330990399393009939
9036306606336003093990006393309003363939009000900063636336063663903003
3660600039339360363933930033990993939693360060663930609330639303066393
3936000660993390030006630663690630600390333303333990930330093930633660
3333930000306000039903306306393909039606006366900006360390399393933906
3099036000090666036603930609369300333093939033333606633303999393360033
0660003390090300333066693630339339060030900699390693006003393909933933
3036360063360003309939906909039336306900300393636933666906606336906903
3900006069390030900369903906033033639360366063600366063060036363339330
6360039006000933930699330003630090069333363609006339606606060333390060
6639339369363933999003366606036336906003060393066693939000900306339330
0033633366060093630399006039606066033393369039333303090360393393663609
3990000600306306093693993990690936030633900336930660393000390060690360
6360393906603300399360606609390303339303033900903336333900060300693036
3966069000390039333609909363303933366099030039663060000903933363333936
0039393393399303333993600390030333006630660600600060393633300639990336
0066393300300303363336393300900300093936369339933006309006039933399339
9303099333969336900963033000033600060306063033030933300069063063000333
9936003390660030336333990690093363636900333600393000009990639003330660
6306066066903006300303339390393939990900003363336636903330060039303339
9030060006693060033933069339033033369939603033399333039906606030396006
0900066369393333993600633393093330096000630603906336093636639696936663
3066303309006990696336309033339936090906336336036066333309903993039363
3363960090063606033060633339039963360060366363930030390033399369333033
0360003333300393633636600669939393630903306690690030603639330090360900
3903003363339903306330030903636030036600063333999006903909306600036906
9060033036060999006663039030369033003069033699000090033933360060036039
3390390339303600393966060003339960600060390330030306990030009000390003
0069039330060603900003903633603933300903633003336930903069963903903036
9333633039060033636060966033300006090363669009300033003000633609399033
0000090333906303330300303300066000003903003360600069903660090003309039
0933996906900036606000033060903300036693069900900390603906600393636336
6903000633909039033060939030069339903906039066009030399006036060006090
0360660003630090003639399030990090003633390303933300399300093090000333
0666300033906900006690036006936360660000066930303009000093903660000090
3060390066300669069330930693300600000936903000069360393000030036033009
0066900306066003303300330900603933306699996300093690306600363306039309
0090006930930000300306030663333600306069306006036396600603300930933900
6030630606003933396033036369339336360963306039339030060033066060036336
6099000030609030690330663660333669000069333903939330066330060600330060
6303930090606906603603930003003606306336006963636390060939039360003333
6399330333099039063993609009003930960063036060039360633633066009930993
0900039000630333690660933336390030633363930090909090930000600339003639
3399063636903303393903336600930069903003306003036000006306603330933330
6063363309309069333309369609060003903936093690030606093399030390600390
3630936693003606090630600660630360696633600693600333306000630690039600
3303960000930933900003396039933066333339093333939036006933906936336906
3390069333633060609900363933060900309039000030009369369096693366600060
0630093630603633390333630600600633060900333006093930933090639303633600
3906696303600603303390303069093990303393336006333393063939999606399006
6069006030063906036069696093030033069693660369333336093933930069000630
3066339600333630009306093006090633933903963333933303960360690690333336
3303390039900003360063930606933903903639336006003306006033933933363036
9390033666066033330060033033006600633693600330033360039390060600990000
0600690690300009030003303393990600930609306090333930390639000093360633
3093036630393366903006306606606093909606393036930903936303900600006903
3933393069063000063939306600036993696066066036003039033063933369006999
3006300690693609303393363633606660000609606990660006990669396303003969
3933903306606390000069300090039903636000003606936006603393090600393939
9309333390030363603939063900069339309369006060000669069063306039330000
0333630690090660336993603993030060030630399330603903633660090600690030
6333600039699906393939600306069093066306690903003009330009903393990399
0063366009060036360660339339000063009063603906036693966939006063336309
3633690660600060603090390360660363066603900339330630030039363090003993
6636000090606606036306906033300039003903303060003939939033009339903006
6069000663930309369309030360369066066030060369030960360339306990069903
9030000306366000363363690000660633039360930603600699000330390003903009
9003060930093906039090600033939936000390930090039906606000300906003000
3900603900639300003090039033063060009000000369393030093606630660030600
9393990003603990009066303393300690030309300060300099393336930009030066
0090003603300399033363639606036090003306606000990003603900006336336906
9690606939900000600333033363330603090333600696036063060690300399090039
6933030330363039003690900030330336039336030000360663693306630393390369
0393636336906900600609309096933366909093306390093603390936600906306009
0003993399399393339909030939909369060000693636066000036333330669300999
3090660333600636660060306603933603390060660393390393900339660900066900
6306396036000390609933639306063090693990906336393069003399903300306336
3000390930096033609033093033000900660393669066033060093390936660030066
3930090306933330060603900336900336600630393699330990336393990336030336
0006009693009339936639363900000936060036900600393306600939930906606000
3993306069030636699933000939030033666009300990033066009306066036060066
0000339303630030639060609090000060039306939930306633003993390663600930
6906693936390036336603390000306639900006006393669333936939336936906603
9663939339030039360033060000369006600603969069060030333066363936606600
0909330963000399393390900330639000339900606690306336039330030633990903
3939336399306006393039036639909000906909333906633006996000036303060606
9009300333363300390693333066030633066396039930300666036069000300363363
0633000393990000630600600363933069093660600390009933360693606333363393
3093366603939399390660060039093933000063900939000036000036099363603909
3306609000600900000000603063333069900000399000069030666030030069030609
0690000693306306000609333930336930693000909060006000006003990090900699
3906036900300003303066090303069906903600666063069603003063930660066303
0660063039036000609066000033690333363906060030603069309369060360600390
3309900306393693363390606030630630660690366363606066393900306330609006
3939096000303336000300306603306900036309336993000993060666909003033090
9060039009033903909366060360039339060930600000669936366030060000030606
0600636030069990300009009303390660330393900936060303306903600030060009
0036690300000603900600390006699090000600039093399690390003639063909006
6060003063003900360009039393663600036303030633009393666390390999399933
6330369303630699009333909339300333006006660600660669333990060309333603
6993906039360903333060936306033360693930936036090039090936000069339339
0936360363309309309033300606669093306060993600393933063930090900369033
3630390390633699000633333306600093903900090600006900099306936660690603
6393033393369000606336333069066393393666933990039336903036990936360003
6009990099309303069369000069039069093363369003063693669060069033066063
0090633600600900333336006336336090006330606690333090633000639960630693
6993069339603360066333363066906309336903063999333060303339366903630906
3663933636669333360039036069030693639330690000939030690036333600663033
0630693909339339300309339330693363630660060600999006339303303990900393
3936936993339033066006093039936390303393930303333303960606306603933930
0039003069309369300606663330993393660060363069363036033330060093390036
0633300360306639330093990330003693066990900300603393690003366699330090
6906093330039363303306369003609906006939039639363060900606906996603903
9393339069006939063063933069600369003903933939339333666366036600060390
0693906003099630003936630006333066690363009990336360630663390660390309
0303936339066339939900603660006003936393939903336609903336063360300030
3900030033366300333933990333036366030660390066036000369069939360396090
3933690660330693393633606990699330093390603003090009060690000690603630
6906903336900393336300309036903606666639339933093903300606003363060060
6039393939066039066093669330339360039399663369933030663093363309900066
0660693096060060906039069960069939303630930993330990333663000060639003
3336603360306039333039903933900606903306399906066600003939003333393936
0906039960906966030606633366003066906036006063093390996963399930690093
6093690630693933096000003339666000696606033606936999609003939960696693
9366939036039063060960303936669000063930903933063033360369066000069033
3009903333390330060060969009933633336639633630639330003300630090039000
6036003363639393900090903390399339306336333933000303300039003366300609
9369060069033393063900900033600036330363966063930660399393030309396093
3960900390333039393306693639909609030690003366930000630633660330060639
3930033336333039006093930393300600606306306300300093303333366390660306
3000060363333999363030300396960303969933900366063396060396993369000600
3333393603933009060630699306963330690660300600660603906393003630330933
6309093306603390660306300096606300093039333993969936603606636009906006
0363009003003009300600330699030300339900639936669000339069363609393060
0639390639003393336990039300336066630006003333030639009396633636366003
3339090006399600300003330300666309363930399399933300606003390600066306
3936306930090693006069333900033060000300909039360600999399039336000066
3993903606363333303000600630660600993000603600093390663039939009363636
9036606006039303309366306033390039303690903639003600003366330039006060
3069069063999069030693969069009066033090300390363033396939039606900009
3603690693900390339330600690000933390609333999660330000339333639009030
6390006906060903366600090003366336633600906006330033339390090090006909
3663066033069069030936963003063903903096003033090399339330606063030936
3933903903000603600633600600630336039000630060039630660669060300330690
3399336093096093393399036393330936906600009930003303330666603366903639
0003003063009330636003063663093363069390000969303039333396033060930999
0390303390933306330900336030699300360693336330363690969399603690660609
0903090603603903063993303639360009309333330030063330933036996993903636
6369039060360330066339336933300903066066006693933930600333339060003036
0630603633339990939900306660066630030990333060630363699306990339306900
3633003066990939006009006909693339303933960600603690060939399600090303
6300369033063606069093360300636063330660930606066966009390303060033399
3660663399093093663630699393390690030690330360600000339300060933690609
3966993306003306939000030903906306603393333006996303360306099693300039
3393936390003063606090903036333036363060063939363900060633063600003969
3030006960333930009093306306303909090639630690600606060009330369390030
6930909336609036066903693033363390003360936009000300309333393306000003
0609063369333306006639063639063990039033366399093063300006909093393039
3306903600333936660630630030606039900990039993630993093363309903666699
6690600006036306303096033333936306603939003063006339660096060900036903
0363069003999390039033393099033093663603069063060900093000603900393303
9303363336903930630636003393663939306003639306030090600306900390330630
3393900933660300666339906360000306366903060393939969303936090039366906
0066669006060090006933009393639009300336306066069006930396036399300900
3060060333069060039639930609303093393093930333003609006090600330996030
6000693306909936600606306093936306063909339000390036636603063690300300
6033309393033399399930036000099300606069033066393360000066000303033333
0393060600660369630330600390639000330693300693393060639066393330690660
6300393000036903393990603906333639093369000006936936333969093336903906
3663639300033390609003066030069039060396063360690609063936363300393090
0093066633600660333990363993993900339963330030609000390660030960603390
3333393603336039333036636360393990006333336606390306606306906006000399
6366039339339003933300333060066063003000060690639309393039360330699300
3360693990393903606993933636939030600363300390669003039993393909330309
0936306360000903693306006933300309333366006603069333360300903939099366
6399399066039066033636093000069030066990369090903903999009069096930360
6030393690069090930699690600630693903060636336693003333030006990303630
3330603603633003039906939606909606036360600006303330093336063300933930
0363393603060900006039060333069300699063639639369363030360060900063063
3300093306699393330030630006360600609330699363003960690336939030606039
3006696399906909330039906939939693930069033903366693939036339936330300
0933009360606036390030633339030366099363930600990966339006096696006099
0690633300600639390606360690006600030630330336900333693930333639333093
6909330690003333060000303366606003093969306306000930906933003393669939
3330366960660336363300990039396033999069006636333369060900030009399003
0330093936330690603699093336300006663903993390933390600630093093936669
0936330306390306093030093909333993906333936909390900603306033393630003
3060069030039936369333360366930390006930330609063036363990003063933600
6933000393360900633300993960366330606693390003933690633330603393663909
0003336300603603366033093906660039309903939366939903939399093606006393
9033300933339063366000306060063930399066930399033663930639903036336390
9309090306306660000333306330030933600330660039990339306000309399969633
6336903033639306039606930663006690096306096366660609306903903636336906
0066039933000399000393690366000009039366060033990360069060399039366003
0600630393990330330393630000099363600360690333993996990663630933000333
9399093039939003060393336639009900663306036069603033363006039333060033
6063939390033333090909063936360960300060900306669393066900063600639309
0306336030000606333303663990636969399060060903060630363960699393069000
0993906900936393900306990600669309300903006630006300396090303309960003
0630063060093393306666000039366033990393336933993063090603006093360993
0660330693930603690360060630693309306390366060903690609939636069000600
3369606006390663903006330309903033006606306339063363003306966900603633
3660093393930660060033369069300300369363933300999360090093963930066033
9990333690300336060603990933690630603633066336009030630693936990060360
6393336900303333036336330030090300900306993939300906393330093936306606
0306990300006633006933060963036303099069033009930060006036300063939036
3606903090339900339006990660060630660669360006030603330333930693009939
3939936900006303333606900006003300033339330039930000090300390906393609
9306063609093066333393360360609363030363003060399390333609069039606030
3393960069330003660660690609060363930930690330636039363006030909630690
0303393063063090936906690003690060666000393339330006303900303399090663
3939000039336390093636000363333060669000033060060333033666393900063066
3933936660633603993600090309300330339390600039393333600630660600630603
6330060006333303333933930039906003306036930006369000666903369693393003
3399360399363660633330390933033000666060663930069069033039060630906663
9039333363630690993693930303090390300660600060090306390639303699336333
9933906333963000606939939093906090000006306603636006306609336036390030
0036333069996033066060090030039363366036060033366000393399309060366099
9333933690360900330663609393003300663633699603333393936009330030030336
3336006306606006099339330039906333900390003909363603633300039336330003
3399936636093330663330063000900363300369030663063300930063396603033300
3633669030699009633930309600030663630000360930360936003660660003930903
9063006639036903339600003366330939900006330036336300003009903066393603
9360033333903000930339363069693339366009309033606060606009060030063000
3003900630630000600633303303333099933630003090603600090336600609333606
3903006390303936333000930003069000660603336306699306036333930000399933
3300393309036093369606693399666060069030699033090003933330693336330690
3003633336060639900933330030660630360693393003990333669303306306330609
6933330303909339060609330300033393930033930036906039990303303063636003
0393000066069066009063033366360069399366039369060000336393606600699039
6660396906900609630093630900330639000609090630693630093390006300660630
0606933906039303936903303330666309093003003606303060396399903363903333
3060039333363333063909033363666000000939003930006066600030393393333690
3690900663660099606690303336303393633930090066330690630900030336909306
6639390096930660663936990006003903306063306960930930906336930000033006
6306033003090066933399396963393330363066003060930693069333003930300006
6366330393330993300936006090099030090003000639306360333000999900333003
3666603906906003060900033336336609333093306303063000030909009003603336
6036390030330036363333933936360060030009036063060090060033933903339633
9330600060000090060000300699390360909036093606060033090039339936339093
3003999990693039390330090009393960660600030039990639333600009363099093
6000039300933909366390060090039900090000993306003900660099306903039306
0909066639933066039033636600063033999060990399300033063066060003000069
0099390636336090339303303363669066300000660390390003630096336399936099
9039003006003303396903903306006003003336090606330009330000603306309930
0000666060003003993933333933933336006630663336063600936360003009036069
6330330069390000633030609090936990000900306639900633663333936660330009
3333309003666330006060003363303006306600300003333030300903369393969903
0033000360696063090999093666000009669000363399300660363000699330366030
0339309390366000933390003900690003930363360030006390990660630090090093
6600663936906606906936900300306066600309009339903663900009030033330303
3063333066339930039363069060363906069390063999090909363339333606039600
6333099009390603633333663309030933390090339000363609933993393633090300
6003630009903303003933390060699900006606336000003396993993630006930906
0003069006633936633636330936933906060069063003009060990303033009969309
3000099390000336060030663606090990390333003330630909069000390330609030
6936300930006033003636606306336093639333096909936669333906633363006906
3003033003033300399363063000039366906960030369006633009033933090063009
0336600660660330030330039906030363006000366336090330909333990000636363
6303000933906333090309366996603693939900603306606006336600003300600390
0099000393309303066000993399939033066060066003993399303936360360360390
0090000633900903930693993693390600060663990333336090390330006600333339
3330606093300093390093306600033936693936606009003906360903393333360009
0699000993393300066936363930069063939039063069060996063099393639390063
6300900639300393993060090000660660609360600303393993663393330390090339
9366006906009000309366306003390693936336099906006903009306936309339003
9099039006696060003009039366009033060000093339396069366906000330366669
0633930609339339093030636060639303999300660693660303069690360030936390
9363903300909909669666939603606036903609330993093006990393903060939006
6069363333009360069003909033033909030069930399939333000039030036060039
9393633300903993606090306399336393093603630060393306039300060660630093
3906330693693309000060069330306693600000603939330033399606900033906633
0369060063393363933333939993363360000069393360933393330003933339399399
3300333630000660660000330000093933303003993630993093333993369336366093
0003006336309039000093393336063939006936306906690093093339330306606300
6990066063030069069036363990930006069393333600033966990039060000699399
0006909393630633306300690933039390090693906003696660393309390090660066
3990006606936606906930039333039930006903069333066900303660003306603006
6360039393633060090903063633993333300630069933993300033036069030066933
3300933639093900090099393693360693900663333900933630606609339933330693
9336900033393969006003339339003690993300006606933000933606000033306303
0990009396090063933360063669063360693330063036600630939366936390093336
0006936393030606390933933003300363690693633309363690090690330900690690
3903333060936360606039006639330933333636006300000606633366690309309003
0609900999093609369399093066060360900900693060639003060999069393363333
6339009393390690990699300060930630663333693939000990960633660609000600
0933306693939390660006033939333663300000306339939333093003903936393393
9300060609066033906063060060330366330060933933939360003063099000693399
0633003639093009336636636003630333030000336330930393093993630600630003
6606393090906693003306900936006033393009333336333006399699093306366006
9933633000333063309090930963090993363390066333603063693603030333306699
3066039300066903660000303690669006300699303603306606393300306900069060
3063993600690603600609093366690600600900606630990690693330006306336396
3909063699360690933366360933300393003939303339633900306630006000306363
3090093933006633906033900063369336606333093366306903909900936300006009
6969039069339630399630393369909390999000966306690030060066960069390090
0690600000936369690099333309303399909333336363066933903693909099336660
6009390006000693390069060060060006033936000390939399000069096006906906
6990063369999000090903090003069000360903900900693636030333900060336330
3303306366900066900069066333069960099333339993003900030630699339030000
9000690669303903300600396390300603039900393303606033900900933006093003
9009366063066939339336099030009063393063903993630066066003039063333306
6633090663603333639060600603003939360039009390093639030039936906039093
3909330063603936393906606006339306003990090093090393303333006006306369
9063363393060993330093939330963966009309966360060033099360330663399330
0030630633996396396390390369606990006033693933690630636039633900306039
0930096000966336363936603960033036003303696039009000009006900096066030
0900690360039390369930990039069690096300606069603906906933030060033960
6360900603333990090000039600039090960600333330906330090090363600990630
9009066090333963390333030030300360000090600066339000330000369930669363
0099339660390300399600633636900333336909900633933066339903603303660009
9030099003930663000609009039330006990306993393663303660000060303033003
3600330000990906690600306699360339000369006000060690069069060003936330
3330066309399660663300690309693306690060900603669006306066909369039009
3006900900093639060006969603969600993060660930093309936333903393009009
0933960699390993066939030090639936399690090363336063390960330966369060
6309900960663930900960300690663939930903663969060639309336639906990333
6333093906006903930939633969000900300393330066636900969369606036936606
3909366000069069303936096903936630066933903033300333939363993009936036
9360639330300690006900603936033606393393630600093090960063900093660039
0303693636303003903300300306366390000333600099300066330900630039309303
3399093033003333300030903360939033906363303330300909330036306336369339
9330663630063003339633930633330030090000900669390630339390969039006063
6900030939039933636060600363660393393603900003333633990069090090663393
0396366693300939930009309909036906303393330006939063900690003693909330
0069000069006099063966960333393960903093600396069936309360009399033390
6009309363933636633600933633900039090993300000900300600696693303606000
3033939000690093939093333633363936330630063390009300330063900903000606
9000003699000906903009900600003300306900300309000066009093900633906933
6309303306333900609396990333963393063330009006000090036633093093933906
0369069300093993363306036000393609306039093393093399303060360063063999
6060990300939009030090333066030300363603663690363333093693990003300633
0060696066306366906600903330939993009360393096303096603300303936000990
6000399000039330033006993663399033300666036090060360696006009600903063
3639000003636030930639600960600600003630009309033396339333903333060906
3033066399993333093696333069399996930039600066066399909363009339066936
0339936330663633969360666696963093333933960966999933660003999330330390
6960900660093996909093909339306693366336399003330099909636639336696009
9330033939933036936099363063993330066903903996336369039936396330096066
0660639660333306333630909360993363066030009039039903663390666993633690
6639009990306606903393336396693093030666006933906366636990063303939933
3363093930066939996933099069033933069069330960690393390099093366339339
3006993333669009039693633666369363669669360933699090090960099093093960
3609693393600933633300933909936693693603666633900909906903633066906693
3066966063069069090069000690690690063936300633993690063636933330609066
0333669933933933933669933390609390336333090690690636690090336336990966
9333339603906993903336930393306033939336900096693639606609936339333999
3366333000066663993663390330936393366339063003933393006699693330069393
3000699999369690093696009009663306096969300669306633609393990096663396
0660063990393936606993093330066306393336309933300093336309336093000069
0633033693030063969303933339300999399339363699033333663933333633633669
0630633390933699003996936363936336333936933390606390900900990690693630
0066306300090993339330069339330993063693606906390933909366990333909306
9363993939336693630666903030333960000969000099600039630303036090390900
6069363306330090960339039303693933603630603600339000330909393036933090
0033093606060339300366636639006333636993993930000939963669939696636039
6309636060393606339330690366636369069903030663363699903306060333300330
0003603606903099993060630000330369009003663633063933333333333333333333
3333333333333
